R2=0.3741421796138398
MAE=30829.93666432204
RMSE=41138.558702301496
